"start_latitude","start_longitude","end_latitude","end_longitude","movement_geometry","length_km","start_polygon_id","end_polygon_id","start_polygon_name","end_polygon_name","polygon_level","polygon_version","country","date_time","n_baseline","n_crisis","n_difference","percent_change","z_score","ds"
"34.84273278914933","-116.17966371089373","34.84273278914933","-116.17966371089373","POINT (-116.17966371089373 34.84273278914933)","0.0","USA.5.36_1","USA.5.36_1","San Bernardino","San Bernardino","GADM2","3.6","US","2025-02-09 08:00","203776.14285714287","207606.0","3829.8571428571304","1.8794341157006191","1.2702485551504916","2025-02-09"
"34.84273278914933","-116.17966371089373","35.34244322872474","-118.73226467260795","LINESTRING (-116.17966371089373 34.84273278914933, -118.73226467260795 35.34244322872474)","238.7887746648896","USA.5.36_1","USA.5.15_1","San Bernardino","Kern","GADM2","3.6","US","2025-02-09 08:00","318.85714285714283","297.0","-21.857142857142833","-6.8334077713264785","-0.40943547991736307","2025-02-09"
"34.84273278914933","-116.17966371089373","33.74552491912014","-115.99278155619636","LINESTRING (-116.17966371089373 34.84273278914933, -115.99278155619636 33.74552491912014)","123.20601915316423","USA.5.36_1","USA.5.33_1","San Bernardino","Riverside","GADM2","3.6","US","2025-02-09 08:00","5252.142857142857","5263.0","10.857142857143117","0.20667899488741928","0.029702693793604615","2025-02-09"
"34.84273278914933","-116.17966371089373","33.04031085182373","-115.36367513698546","LINESTRING (-116.17966371089373 34.84273278914933, -115.36367513698546 33.04031085182373)","214.08725564631405","USA.5.36_1","USA.5.13_1","San Bernardino","Imperial","GADM2","3.6","US","2025-02-09 08:00","40.0","39.0","-1.0","-2.4390243902439024","-0.08574929257125441","2025-02-09"
"34.84273278914933","-116.17966371089373","33.03467961448801","-116.73219428917275","LINESTRING (-116.17966371089373 34.84273278914933, -116.73219428917275 33.03467961448801)","207.4062634556693","USA.5.36_1","USA.5.37_1","San Bernardino","San Diego","GADM2","3.6","US","2025-02-09 08:00","529.8571428571429","529.0","-0.8571428571428896","-0.16146393972013529","-0.015243523293130546","2025-02-09"
"34.84273278914933","-116.17966371089373","35.38769386213297","-120.40591003420344","LINESTRING (-116.17966371089373 34.84273278914933, -120.40591003420344 35.38769386213297)","389.1226048765693","USA.5.36_1","USA.5.40_1","San Bernardino","San Luis Obispo","GADM2","3.6","US","2025-02-09 08:00","15.0","12.0","-3.0","-18.75","-0.4057513356003445","2025-02-09"
"34.84273278914933","-116.17966371089373","33.70302467912685","-117.76086188122495","LINESTRING (-116.17966371089373 34.84273278914933, -117.76086188122495 33.70302467912685)","192.79098878089198","USA.5.36_1","USA.5.30_1","San Bernardino","Orange","GADM2","3.6","US","2025-02-09 08:00","2119.8571428571427","1895.0","-224.85714285714266","-10.602182406035288","-1.584438601889292","2025-02-09"
"34.84273278914933","-116.17966371089373","36.07467093999243","-119.81623818576698","LINESTRING (-116.17966371089373 34.84273278914933, -119.81623818576698 36.07467093999243)","356.6909649165084","USA.5.36_1","USA.5.16_1","San Bernardino","Kings","GADM2","3.6","US","2025-02-09 08:00","12.285714285714286","","","","","2025-02-09"
"34.84273278914933","-116.17966371089373","34.67281324104238","-120.01817389021367","LINESTRING (-116.17966371089373 34.84273278914933, -120.01817389021367 34.67281324104238)","351.15228394657646","USA.5.36_1","USA.5.42_1","San Bernardino","Santa Barbara","GADM2","3.6","US","2025-02-09 08:00","44.42857142857143","24.0","-20.42857142857143","-44.9685534591195","-1.2662306774782826","2025-02-09"
"34.84273278914933","-116.17966371089373","34.45691532289751","-119.08528774659119","LINESTRING (-116.17966371089373 34.84273278914933, -119.08528774659119 34.45691532289751)","269.21821728941603","USA.5.36_1","USA.5.56_1","San Bernardino","Ventura","GADM2","3.6","US","2025-02-09 08:00","110.85714285714286","115.0","4.142857142857139","3.7037037037036997","0.1804983137740998","2025-02-09"
"34.84273278914933","-116.17966371089373","36.51140391678481","-117.41198453824227","LINESTRING (-116.17966371089373 34.84273278914933, -117.41198453824227 36.51140391678481)","216.36924534658115","USA.5.36_1","USA.5.14_1","San Bernardino","Inyo","GADM2","3.6","US","2025-02-09 08:00","25.428571428571427","22.0","-3.428571428571427","-12.972972972972968","-0.34293880467629695","2025-02-09"
"34.84273278914933","-116.17966371089373","34.321822973296776","-118.22668057620999","LINESTRING (-116.17966371089373 34.84273278914933, -118.22668057620999 34.321822973296776)","196.14359437889112","USA.5.36_1","USA.5.19_1","San Bernardino","Los Angeles","GADM2","3.6","US","2025-02-09 08:00","6934.571428571428","6498.0","-436.57142857142844","-6.294671362952891","-1.0625721530555319","2025-02-09"
"34.84273278914933","-116.17966371089373","36.220211537773395","-118.80144209701061","LINESTRING (-116.17966371089373 34.84273278914933, -118.80144209701061 36.220211537773395)","282.37530018079406","USA.5.36_1","USA.5.54_1","San Bernardino","Tulare","GADM2","3.6","US","2025-02-09 08:00","39.285714285714285","50.0","10.714285714285715","26.595744680851066","2.040485856716037","2025-02-09"
"34.84273278914933","-116.17966371089373","36.21567337254576","-115.01864068116636","LINESTRING (-116.17966371089373 34.84273278914933, -115.01864068116636 36.21567337254576)","185.3196968150332","USA.5.36_1","USA.29.3_1","San Bernardino","Clark","GADM2","3.6","US","2025-02-09 08:00","551.7142857142857","446.0","-105.71428571428567","-19.12638924786766","-0.9432296755092054","2025-02-09"
"34.84273278914933","-116.17966371089373","36.21747682090295","-121.23962348153657","LINESTRING (-116.17966371089373 34.84273278914933, -121.23962348153657 36.21747682090295)","482.65342733661237","USA.5.36_1","USA.5.27_1","San Bernardino","Monterey","GADM2","3.6","US","2025-02-09 08:00","10.0","","","","","2025-02-09"
"34.45691532289751","-119.08528774659119","34.84273278914933","-116.17966371089373","LINESTRING (-119.08528774659119 34.45691532289751, -116.17966371089373 34.84273278914933)","269.2182172894161","USA.5.56_1","USA.5.36_1","Ventura","San Bernardino","GADM2","3.6","US","2025-02-09 08:00","113.42857142857143","86.0","-27.42857142857143","-23.970037453183522","-1.6286789806788078","2025-02-09"
"34.45691532289751","-119.08528774659119","35.34244322872474","-118.73226467260795","LINESTRING (-119.08528774659119 34.45691532289751, -118.73226467260795 35.34244322872474)","103.59572176335074","USA.5.56_1","USA.5.15_1","Ventura","Kern","GADM2","3.6","US","2025-02-09 08:00","106.30826303574825","84.0","-22.308263035748254","-20.78895175883759","-1.0365786496605662","2025-02-09"
"34.45691532289751","-119.08528774659119","33.74552491912014","-115.99278155619636","LINESTRING (-119.08528774659119 34.45691532289751, -115.99278155619636 33.74552491912014)","295.5110930705003","USA.5.56_1","USA.5.33_1","Ventura","Riverside","GADM2","3.6","US","2025-02-09 08:00","85.28571428571429","73.0","-12.285714285714292","-14.238410596026496","-0.7782035353290315","2025-02-09"
"34.45691532289751","-119.08528774659119","33.03467961448801","-116.73219428917275","LINESTRING (-119.08528774659119 34.45691532289751, -116.73219428917275 33.03467961448801)","268.95648410536415","USA.5.56_1","USA.5.37_1","Ventura","San Diego","GADM2","3.6","US","2025-02-09 08:00","76.85714285714286","61.0","-15.857142857142861","-20.366972477064227","-0.8789523400105566","2025-02-09"
"34.45691532289751","-119.08528774659119","35.38769386213297","-120.40591003420344","LINESTRING (-119.08528774659119 34.45691532289751, -120.40591003420344 35.38769386213297)","158.77009642403405","USA.5.56_1","USA.5.40_1","Ventura","San Luis Obispo","GADM2","3.6","US","2025-02-09 08:00","45.57142857142857","18.0","-27.57142857142857","-59.20245398773006","-2.1665344563113553","2025-02-09"
"34.45691532289751","-119.08528774659119","33.70302467912685","-117.76086188122495","LINESTRING (-119.08528774659119 34.45691532289751, -117.76086188122495 33.70302467912685)","148.00327682561425","USA.5.56_1","USA.5.30_1","Ventura","Orange","GADM2","3.6","US","2025-02-09 08:00","221.85714285714286","205.0","-16.85714285714286","-7.5641025641025665","-0.8940847937470596","2025-02-09"
"34.45691532289751","-119.08528774659119","34.67281324104238","-120.01817389021367","LINESTRING (-119.08528774659119 34.45691532289751, -120.01817389021367 34.67281324104238)","88.73088413600632","USA.5.56_1","USA.5.42_1","Ventura","Santa Barbara","GADM2","3.6","US","2025-02-09 08:00","453.14285714285717","391.0","-62.14285714285717","-13.683548285624415","-2.02135451406104","2025-02-09"
"34.45691532289751","-119.08528774659119","34.45691532289751","-119.08528774659119","POINT (-119.08528774659119 34.45691532289751)","0.0","USA.5.56_1","USA.5.56_1","Ventura","Ventura","GADM2","3.6","US","2025-02-09 08:00","71649.57142857143","73118.0","1468.4285714285652","2.0494303704087606","0.6819670297621302","2025-02-09"
"34.45691532289751","-119.08528774659119","34.321822973296776","-118.22668057620999","LINESTRING (-119.08528774659119 34.45691532289751, -118.22668057620999 34.321822973296776)","80.20497261588642","USA.5.56_1","USA.5.19_1","Ventura","Los Angeles","GADM2","3.6","US","2025-02-09 08:00","2518.285714285714","2317.0","-201.28571428571422","-7.989793025233907","-0.947083707641673","2025-02-09"
"34.45691532289751","-119.08528774659119","36.220211537773395","-118.80144209701061","LINESTRING (-119.08528774659119 34.45691532289751, -118.80144209701061 36.220211537773395)","197.7528125459543","USA.5.56_1","USA.5.54_1","Ventura","Tulare","GADM2","3.6","US","2025-02-09 08:00","13.857142857142858","10.0","-3.8571428571428577","-25.961538461538463","-0.7228110438174702","2025-02-09"
"34.45691532289751","-119.08528774659119","36.21747682090295","-121.23962348153657","LINESTRING (-119.08528774659119 34.45691532289751, -121.23962348153657 36.21747682090295)","276.5918862725087","USA.5.56_1","USA.5.27_1","Ventura","Monterey","GADM2","3.6","US","2025-02-09 08:00","15.142857142857142","","","","","2025-02-09"
"34.45691532289751","-119.08528774659119","36.21567337254576","-115.01864068116636","LINESTRING (-119.08528774659119 34.45691532289751, -115.01864068116636 36.21567337254576)","417.4634827214309","USA.5.56_1","USA.29.3_1","Ventura","Clark","GADM2","3.6","US","2025-02-09 08:00","35.285714285714285","19.0","-16.285714285714285","-44.881889763779526","-1.2987570685044973","2025-02-09"
"33.03467961448801","-116.73219428917275","34.84273278914933","-116.17966371089373","LINESTRING (-116.73219428917275 33.03467961448801, -116.17966371089373 34.84273278914933)","207.40626345566898","USA.5.37_1","USA.5.36_1","San Diego","San Bernardino","GADM2","3.6","US","2025-02-09 08:00","510.85714285714283","461.0","-49.85714285714283","-9.740440971253136","-0.9987802966318486","2025-02-09"
"33.03467961448801","-116.73219428917275","35.34244322872474","-118.73226467260795","LINESTRING (-116.73219428917275 33.03467961448801, -118.73226467260795 35.34244322872474)","315.7233466956709","USA.5.37_1","USA.5.15_1","San Diego","Kern","GADM2","3.6","US","2025-02-09 08:00","115.71428571428571","78.0","-37.71428571428571","-32.31334149326805","-0.850166226984559","2025-02-09"
"33.03467961448801","-116.73219428917275","33.74552491912014","-115.99278155619636","LINESTRING (-116.73219428917275 33.03467961448801, -115.99278155619636 33.74552491912014)","104.69068947464318","USA.5.37_1","USA.5.33_1","San Diego","Riverside","GADM2","3.6","US","2025-02-09 08:00","1879.142857142857","1675.0","-204.1428571428571","-10.857837550338118","-1.2950781025743672","2025-02-09"
"33.03467961448801","-116.73219428917275","33.04031085182373","-115.36367513698546","LINESTRING (-116.73219428917275 33.03467961448801, -115.36367513698546 33.04031085182373)","127.56907290956141","USA.5.37_1","USA.5.13_1","San Diego","Imperial","GADM2","3.6","US","2025-02-09 08:00","207.14285714285714","168.0","-39.14285714285714","-18.80576527110501","-0.9569428700389302","2025-02-09"
"33.03467961448801","-116.73219428917275","33.03467961448801","-116.73219428917275","POINT (-116.73219428917275 33.03467961448801)","0.0","USA.5.37_1","USA.5.37_1","San Diego","San Diego","GADM2","3.6","US","2025-02-09 08:00","312006.28571428574","312923.0","916.7142857142608","0.29381182032836345","0.11297776162020837","2025-02-09"
"33.03467961448801","-116.73219428917275","35.38769386213297","-120.40591003420344","LINESTRING (-116.73219428917275 33.03467961448801, -120.40591003420344 35.38769386213297)","427.23181014942435","USA.5.37_1","USA.5.40_1","San Diego","San Luis Obispo","GADM2","3.6","US","2025-02-09 08:00","13.0","","","","","2025-02-09"
"33.03467961448801","-116.73219428917275","33.70302467912685","-117.76086188122495","LINESTRING (-116.73219428917275 33.03467961448801, -117.76086188122495 33.70302467912685)","121.02876424215702","USA.5.37_1","USA.5.30_1","San Diego","Orange","GADM2","3.6","US","2025-02-09 08:00","1527.857142857143","1349.0","-178.8571428571429","-11.698747897589238","-1.6217036099551154","2025-02-09"
"33.03467961448801","-116.73219428917275","36.21567337254576","-115.01864068116636","LINESTRING (-116.73219428917275 33.03467961448801, -115.01864068116636 36.21567337254576)","386.88390213274863","USA.5.37_1","USA.29.3_1","San Diego","Clark","GADM2","3.6","US","2025-02-09 08:00","191.85714285714286","151.0","-40.85714285714286","-21.185185185185187","-2.00929054202123","2025-02-09"
"33.03467961448801","-116.73219428917275","36.21747682090295","-121.23962348153657","LINESTRING (-116.73219428917275 33.03467961448801, -121.23962348153657 36.21747682090295)","543.3386623630295","USA.5.37_1","USA.5.27_1","San Diego","Monterey","GADM2","3.6","US","2025-02-09 08:00","10.0","","","","","2025-02-09"
"33.03467961448801","-116.73219428917275","36.220211537773395","-118.80144209701061","LINESTRING (-116.73219428917275 33.03467961448801, -118.80144209701061 36.220211537773395)","401.6116751772939","USA.5.37_1","USA.5.54_1","San Diego","Tulare","GADM2","3.6","US","2025-02-09 08:00","20.428571428571427","10.0","-10.428571428571427","-48.666666666666664","-1.544015703126153","2025-02-09"
"33.03467961448801","-116.73219428917275","34.45691532289751","-119.08528774659119","LINESTRING (-116.73219428917275 33.03467961448801, -119.08528774659119 34.45691532289751)","268.95648410536415","USA.5.37_1","USA.5.56_1","San Diego","Ventura","GADM2","3.6","US","2025-02-09 08:00","80.14285714285714","47.0","-33.14285714285714","-40.84507042253521","-2.652338100437575","2025-02-09"
"33.03467961448801","-116.73219428917275","36.07467093999243","-119.81623818576698","LINESTRING (-116.73219428917275 33.03467961448801, -119.81623818576698 36.07467093999243)","440.43427284032236","USA.5.37_1","USA.5.16_1","San Diego","Kings","GADM2","3.6","US","2025-02-09 08:00","10.571428571428571","","","","","2025-02-09"
"33.03467961448801","-116.73219428917275","34.67281324104238","-120.01817389021367","LINESTRING (-116.73219428917275 33.03467961448801, -120.01817389021367 34.67281324104238)","353.8809812391172","USA.5.37_1","USA.5.42_1","San Diego","Santa Barbara","GADM2","3.6","US","2025-02-09 08:00","38.142857142857146","24.0","-14.142857142857146","-36.13138686131388","-1.6243337581705677","2025-02-09"
"33.03467961448801","-116.73219428917275","34.321822973296776","-118.22668057620999","LINESTRING (-116.73219428917275 33.03467961448801, -118.22668057620999 34.321822973296776)","199.0127133454916","USA.5.37_1","USA.5.19_1","San Diego","Los Angeles","GADM2","3.6","US","2025-02-09 08:00","1692.7142857142858","1223.0","-469.7142857142858","-27.73279352226721","-3.475625611507627","2025-02-09"
"36.07467093999243","-119.81623818576698","34.84273278914933","-116.17966371089373","LINESTRING (-119.81623818576698 36.07467093999243, -116.17966371089373 34.84273278914933)","356.6909649165083","USA.5.16_1","USA.5.36_1","Kings","San Bernardino","GADM2","3.6","US","2025-02-09 08:00","11.0","","","","","2025-02-09"
"36.07467093999243","-119.81623818576698","35.34244322872474","-118.73226467260795","LINESTRING (-119.81623818576698 36.07467093999243, -118.73226467260795 35.34244322872474)","127.30960123841903","USA.5.16_1","USA.5.15_1","Kings","Kern","GADM2","3.6","US","2025-02-09 08:00","78.0","83.0","5.0","6.329113924050633","0.7024393586862704","2025-02-09"
"36.07467093999243","-119.81623818576698","35.38769386213297","-120.40591003420344","LINESTRING (-119.81623818576698 36.07467093999243, -120.40591003420344 35.38769386213297)","93.10290843600377","USA.5.16_1","USA.5.40_1","Kings","San Luis Obispo","GADM2","3.6","US","2025-02-09 08:00","34.714285714285715","33.0","-1.7142857142857153","-4.8000000000000025","-0.2567762955065479","2025-02-09"
"36.07467093999243","-119.81623818576698","33.70302467912685","-117.76086188122495","LINESTRING (-119.81623818576698 36.07467093999243, -117.76086188122495 33.70302467912685)","323.53827527907094","USA.5.16_1","USA.5.30_1","Kings","Orange","GADM2","3.6","US","2025-02-09 08:00","","13.0","","","","2025-02-09"
"36.07467093999243","-119.81623818576698","34.67281324104238","-120.01817389021367","LINESTRING (-119.81623818576698 36.07467093999243, -120.01817389021367 34.67281324104238)","156.9511478575131","USA.5.16_1","USA.5.42_1","Kings","Santa Barbara","GADM2","3.6","US","2025-02-09 08:00","","10.0","","","","2025-02-09"
"36.07467093999243","-119.81623818576698","36.07467093999243","-119.81623818576698","POINT (-119.81623818576698 36.07467093999243)","0.0","USA.5.16_1","USA.5.16_1","Kings","Kings","GADM2","3.6","US","2025-02-09 08:00","15179.57142857143","15656.0","476.42857142857065","3.138409997741469","1.0117218615731922","2025-02-09"
"36.07467093999243","-119.81623818576698","34.321822973296776","-118.22668057620999","LINESTRING (-119.81623818576698 36.07467093999243, -118.22668057620999 34.321822973296776)","242.58182083827393","USA.5.16_1","USA.5.19_1","Kings","Los Angeles","GADM2","3.6","US","2025-02-09 08:00","47.74744745533627","24.0","-23.74744745533627","-48.71526345475693","-2.2147478309871858","2025-02-09"
"36.07467093999243","-119.81623818576698","36.220211537773395","-118.80144209701061","LINESTRING (-119.81623818576698 36.07467093999243, -118.80144209701061 36.220211537773395)","92.54430275338002","USA.5.16_1","USA.5.54_1","Kings","Tulare","GADM2","3.6","US","2025-02-09 08:00","438.7142857142857","429.0","-9.714285714285722","-2.209226770630281","-0.22884685911985894","2025-02-09"
"36.07467093999243","-119.81623818576698","36.21747682090295","-121.23962348153657","LINESTRING (-119.81623818576698 36.07467093999243, -121.23962348153657 36.21747682090295)","128.78978386085598","USA.5.16_1","USA.5.27_1","Kings","Monterey","GADM2","3.6","US","2025-02-09 08:00","14.428571428571429","24.0","9.571428571428571","62.03703703703703","2.258997420195219","2025-02-09"
"33.04031085182373","-115.36367513698546","34.84273278914933","-116.17966371089373","LINESTRING (-115.36367513698546 33.04031085182373, -116.17966371089373 34.84273278914933)","214.0872556463143","USA.5.13_1","USA.5.36_1","Imperial","San Bernardino","GADM2","3.6","US","2025-02-09 08:00","59.684721204693396","44.0","-15.684721204693396","-25.846244150628692","-0.5695633148149049","2025-02-09"
"33.04031085182373","-115.36367513698546","35.34244322872474","-118.73226467260795","LINESTRING (-115.36367513698546 33.04031085182373, -118.73226467260795 35.34244322872474)","401.85190918931545","USA.5.13_1","USA.5.15_1","Imperial","Kern","GADM2","3.6","US","2025-02-09 08:00","12.130954208483686","","","","","2025-02-09"
"33.04031085182373","-115.36367513698546","33.03467961448801","-116.73219428917275","LINESTRING (-115.36367513698546 33.04031085182373, -116.73219428917275 33.03467961448801)","127.56907290956141","USA.5.13_1","USA.5.37_1","Imperial","San Diego","GADM2","3.6","US","2025-02-09 08:00","398.8797651795789","302.0","-96.8797651795789","-24.22722368461728","-0.9423773884284092","2025-02-09"
"33.04031085182373","-115.36367513698546","33.74552491912014","-115.99278155619636","LINESTRING (-115.36367513698546 33.04031085182373, -115.99278155619636 33.74552491912014)","97.77626084879077","USA.5.13_1","USA.5.33_1","Imperial","Riverside","GADM2","3.6","US","2025-02-09 08:00","392.26679786198605","331.0","-61.26679786198605","-15.57893984314617","-0.46609946718709044","2025-02-09"
"33.04031085182373","-115.36367513698546","33.04031085182373","-115.36367513698546","POINT (-115.36367513698546 33.04031085182373)","0.0","USA.5.13_1","USA.5.13_1","Imperial","Imperial","GADM2","3.6","US","2025-02-09 08:00","23389.428571428572","23319.0","-70.42857142857247","-0.3010999615227274","-0.08101180753405583","2025-02-09"
"33.04031085182373","-115.36367513698546","33.70302467912685","-117.76086188122495","LINESTRING (-115.36367513698546 33.04031085182373, -117.76086188122495 33.70302467912685)","234.47848115132498","USA.5.13_1","USA.5.30_1","Imperial","Orange","GADM2","3.6","US","2025-02-09 08:00","31.23835731233807","26.0","-5.238357312338071","-16.248834460102216","-0.37209234187854073","2025-02-09"
"33.04031085182373","-115.36367513698546","34.321822973296776","-118.22668057620999","LINESTRING (-115.36367513698546 33.04031085182373, -118.22668057620999 34.321822973296776)","300.78746404815195","USA.5.13_1","USA.5.19_1","Imperial","Los Angeles","GADM2","3.6","US","2025-02-09 08:00","72.62591703366344","47.0","-25.62591703366344","-34.80556584707351","-0.9297117561773921","2025-02-09"
"33.04031085182373","-115.36367513698546","36.21567337254576","-115.01864068116636","LINESTRING (-115.36367513698546 33.04031085182373, -115.01864068116636 36.21567337254576)","354.49243164011466","USA.5.13_1","USA.29.3_1","Imperial","Clark","GADM2","3.6","US","2025-02-09 08:00","14.142857142857142","12.0","-2.1428571428571423","-14.150943396226412","-0.3177614295398611","2025-02-09"
"34.67281324104238","-120.01817389021367","34.84273278914933","-116.17966371089373","LINESTRING (-120.01817389021367 34.67281324104238, -116.17966371089373 34.84273278914933)","351.1522839465765","USA.5.42_1","USA.5.36_1","Santa Barbara","San Bernardino","GADM2","3.6","US","2025-02-09 08:00","34.0","28.0","-6.0","-17.142857142857142","-0.47733437050543803","2025-02-09"
"34.67281324104238","-120.01817389021367","35.34244322872474","-118.73226467260795","LINESTRING (-120.01817389021367 34.67281324104238, -118.73226467260795 35.34244322872474)","138.78057405531763","USA.5.42_1","USA.5.15_1","Santa Barbara","Kern","GADM2","3.6","US","2025-02-09 08:00","61.714285714285715","43.0","-18.714285714285715","-29.840546697038725","-1.1668246977067744","2025-02-09"
"34.67281324104238","-120.01817389021367","33.74552491912014","-115.99278155619636","LINESTRING (-120.01817389021367 34.67281324104238, -115.99278155619636 33.74552491912014)","384.22422416134754","USA.5.42_1","USA.5.33_1","Santa Barbara","Riverside","GADM2","3.6","US","2025-02-09 08:00","31.276231061106778","19.0","-12.276231061106778","-38.0348964470631","-0.8354569857762542","2025-02-09"
"34.67281324104238","-120.01817389021367","33.03467961448801","-116.73219428917275","LINESTRING (-120.01817389021367 34.67281324104238, -116.73219428917275 33.03467961448801)","353.88098123911703","USA.5.42_1","USA.5.37_1","Santa Barbara","San Diego","GADM2","3.6","US","2025-02-09 08:00","32.57142857142857","18.0","-14.57142857142857","-43.40425531914893","-1.5059828367570751","2025-02-09"
"34.67281324104238","-120.01817389021367","35.38769386213297","-120.40591003420344","LINESTRING (-120.01817389021367 34.67281324104238, -120.40591003420344 35.38769386213297)","86.97813633252385","USA.5.42_1","USA.5.40_1","Santa Barbara","San Luis Obispo","GADM2","3.6","US","2025-02-09 08:00","737.7142857142857","653.0","-84.71428571428567","-11.467801198994387","-2.3562934575628165","2025-02-09"
"34.67281324104238","-120.01817389021367","33.70302467912685","-117.76086188122495","LINESTRING (-120.01817389021367 34.67281324104238, -117.76086188122495 33.70302467912685)","233.9529628364591","USA.5.42_1","USA.5.30_1","Santa Barbara","Orange","GADM2","3.6","US","2025-02-09 08:00","65.42857142857143","60.0","-5.428571428571431","-8.172043010752692","-0.4375144000483386","2025-02-09"
"34.67281324104238","-120.01817389021367","34.67281324104238","-120.01817389021367","POINT (-120.01817389021367 34.67281324104238)","0.0","USA.5.42_1","USA.5.42_1","Santa Barbara","Santa Barbara","GADM2","3.6","US","2025-02-09 08:00","38212.71428571428","39146.0","933.2857142857174","2.442279510721664","0.7680570758338063","2025-02-09"
"34.67281324104238","-120.01817389021367","34.45691532289751","-119.08528774659119","LINESTRING (-120.01817389021367 34.67281324104238, -119.08528774659119 34.45691532289751)","88.73088413600637","USA.5.42_1","USA.5.56_1","Santa Barbara","Ventura","GADM2","3.6","US","2025-02-09 08:00","464.42857142857144","415.0","-49.428571428571445","-10.620012277470845","-1.316363513453918","2025-02-09"
"34.67281324104238","-120.01817389021367","34.321822973296776","-118.22668057620999","LINESTRING (-120.01817389021367 34.67281324104238, -118.22668057620999 34.321822973296776)","168.74811223725604","USA.5.42_1","USA.5.19_1","Santa Barbara","Los Angeles","GADM2","3.6","US","2025-02-09 08:00","406.14285714285717","306.0","-100.14285714285717","-24.59649122807018","-2.570180697689751","2025-02-09"
"34.67281324104238","-120.01817389021367","36.21747682090295","-121.23962348153657","LINESTRING (-120.01817389021367 34.67281324104238, -121.23962348153657 36.21747682090295)","204.3088697798099","USA.5.42_1","USA.5.27_1","Santa Barbara","Monterey","GADM2","3.6","US","2025-02-09 08:00","47.872477764850785","26.0","-21.872477764850785","-44.75418224156732","-1.3181684073382534","2025-02-09"
"34.67281324104238","-120.01817389021367","36.21567337254576","-115.01864068116636","LINESTRING (-120.01817389021367 34.67281324104238, -115.01864068116636 36.21567337254576)","484.2268817775562","USA.5.42_1","USA.29.3_1","Santa Barbara","Clark","GADM2","3.6","US","2025-02-09 08:00","23.0","17.0","-6.0","-25.0","-0.8977584024968696","2025-02-09"
"34.321822973296776","-118.22668057620999","34.84273278914933","-116.17966371089373","LINESTRING (-118.22668057620999 34.321822973296776, -116.17966371089373 34.84273278914933)","196.1435943788912","USA.5.19_1","USA.5.36_1","Los Angeles","San Bernardino","GADM2","3.6","US","2025-02-09 08:00","5833.504975421306","5584.0","-249.50497542130597","-4.276369228792874","-0.6048952427355083","2025-02-09"
"34.321822973296776","-118.22668057620999","35.34244322872474","-118.73226467260795","LINESTRING (-118.22668057620999 34.321822973296776, -118.73226467260795 35.34244322872474)","122.51044035496462","USA.5.19_1","USA.5.15_1","Los Angeles","Kern","GADM2","3.6","US","2025-02-09 08:00","1073.5714285714287","864.0","-209.57142857142867","-19.502791810688652","-1.9572199456944002","2025-02-09"
"34.321822973296776","-118.22668057620999","33.74552491912014","-115.99278155619636","LINESTRING (-118.22668057620999 34.321822973296776, -115.99278155619636 33.74552491912014)","215.58800274531745","USA.5.19_1","USA.5.33_1","Los Angeles","Riverside","GADM2","3.6","US","2025-02-09 08:00","3042.7276075086106","2706.0","-336.7276075086106","-11.063000732323514","-1.0313739501556434","2025-02-09"
"34.321822973296776","-118.22668057620999","33.04031085182373","-115.36367513698546","LINESTRING (-118.22668057620999 34.321822973296776, -115.36367513698546 33.04031085182373)","300.78746404815195","USA.5.19_1","USA.5.13_1","Los Angeles","Imperial","GADM2","3.6","US","2025-02-09 08:00","36.142857142857146","28.0","-8.142857142857146","-21.92307692307693","-0.7966510839776804","2025-02-09"
"34.321822973296776","-118.22668057620999","33.03467961448801","-116.73219428917275","LINESTRING (-118.22668057620999 34.321822973296776, -116.73219428917275 33.03467961448801)","199.01271334549185","USA.5.19_1","USA.5.37_1","Los Angeles","San Diego","GADM2","3.6","US","2025-02-09 08:00","1327.4285714285713","1065.0","-262.42857142857133","-19.75481234541348","-1.981343497914584","2025-02-09"
"34.321822973296776","-118.22668057620999","35.38769386213297","-120.40591003420344","LINESTRING (-118.22668057620999 34.321822973296776, -120.40591003420344 35.38769386213297)","231.48044854804857","USA.5.19_1","USA.5.40_1","Los Angeles","San Luis Obispo","GADM2","3.6","US","2025-02-09 08:00","90.85714285714286","56.0","-34.85714285714286","-37.947122861586315","-1.6410988588685793","2025-02-09"
"34.321822973296776","-118.22668057620999","33.70302467912685","-117.76086188122495","LINESTRING (-118.22668057620999 34.321822973296776, -117.76086188122495 33.70302467912685)","81.10384491321173","USA.5.19_1","USA.5.30_1","Los Angeles","Orange","GADM2","3.6","US","2025-02-09 08:00","10324.285714285714","9283.0","-1041.2857142857138","-10.084812595984888","-1.5804426215789815","2025-02-09"
"34.321822973296776","-118.22668057620999","34.67281324104238","-120.01817389021367","LINESTRING (-118.22668057620999 34.321822973296776, -120.01817389021367 34.67281324104238)","168.7481122372561","USA.5.19_1","USA.5.42_1","Los Angeles","Santa Barbara","GADM2","3.6","US","2025-02-09 08:00","442.24045733069033","279.0","-163.24045733069033","-36.82887124378649","-1.8743282159402057","2025-02-09"
"34.321822973296776","-118.22668057620999","34.45691532289751","-119.08528774659119","LINESTRING (-118.22668057620999 34.321822973296776, -119.08528774659119 34.45691532289751)","80.2049726158864","USA.5.19_1","USA.5.56_1","Los Angeles","Ventura","GADM2","3.6","US","2025-02-09 08:00","2073.5714285714284","1813.0","-260.57142857142844","-12.560253408621396","-1.3784670675946866","2025-02-09"
"34.321822973296776","-118.22668057620999","36.07467093999243","-119.81623818576698","LINESTRING (-118.22668057620999 34.321822973296776, -119.81623818576698 36.07467093999243)","242.58182083827393","USA.5.19_1","USA.5.16_1","Los Angeles","Kings","GADM2","3.6","US","2025-02-09 08:00","46.617347206872594","25.0","-21.617347206872594","-45.39805023777673","-1.4885734019792927","2025-02-09"
"34.321822973296776","-118.22668057620999","36.51140391678481","-117.41198453824227","LINESTRING (-118.22668057620999 34.321822973296776, -117.41198453824227 36.51140391678481)","254.4145248492839","USA.5.19_1","USA.5.14_1","Los Angeles","Inyo","GADM2","3.6","US","2025-02-09 08:00","40.857142857142854","28.0","-12.857142857142854","-30.716723549488048","-0.8256764908860128","2025-02-09"
"34.321822973296776","-118.22668057620999","36.220211537773395","-118.80144209701061","LINESTRING (-118.22668057620999 34.321822973296776, -118.80144209701061 36.220211537773395)","217.44332075791286","USA.5.19_1","USA.5.54_1","Los Angeles","Tulare","GADM2","3.6","US","2025-02-09 08:00","116.28571428571429","80.0","-36.28571428571429","-30.93788063337394","-1.8167746702398204","2025-02-09"
"34.321822973296776","-118.22668057620999","34.321822973296776","-118.22668057620999","POINT (-118.22668057620999 34.321822973296776)","0.0","USA.5.19_1","USA.5.19_1","Los Angeles","Los Angeles","GADM2","3.6","US","2025-02-09 08:00","787001.0","797944.0","10943.0","1.390466606183974","0.6050055385635006","2025-02-09"
"34.321822973296776","-118.22668057620999","36.21747682090295","-121.23962348153657","LINESTRING (-118.22668057620999 34.321822973296776, -121.23962348153657 36.21747682090295)","345.2917761611978","USA.5.19_1","USA.5.27_1","Los Angeles","Monterey","GADM2","3.6","US","2025-02-09 08:00","46.285714285714285","22.0","-24.285714285714285","-51.359516616314195","-2.4297287178573037","2025-02-09"
"34.321822973296776","-118.22668057620999","36.21567337254576","-115.01864068116636","LINESTRING (-118.22668057620999 34.321822973296776, -115.01864068116636 36.21567337254576)","359.3646920342063","USA.5.19_1","USA.29.3_1","Los Angeles","Clark","GADM2","3.6","US","2025-02-09 08:00","716.7142857142857","532.0","-184.71428571428567","-25.73646496815286","-1.0723584274184903","2025-02-09"
"35.34244322872474","-118.73226467260795","34.84273278914933","-116.17966371089373","LINESTRING (-118.73226467260795 35.34244322872474, -116.17966371089373 34.84273278914933)","238.7887746648897","USA.5.15_1","USA.5.36_1","Kern","San Bernardino","GADM2","3.6","US","2025-02-09 08:00","275.85714285714283","244.0","-31.857142857142833","-11.506707946336423","-0.7539278587505933","2025-02-09"
"35.34244322872474","-118.73226467260795","35.34244322872474","-118.73226467260795","POINT (-118.73226467260795 35.34244322872474)","0.0","USA.5.15_1","USA.5.15_1","Kern","Kern","GADM2","3.6","US","2025-02-09 08:00","95443.85714285714","95287.0","-156.85714285714494","-0.16434321088916182","-0.07155904354637899","2025-02-09"
"35.34244322872474","-118.73226467260795","33.74552491912014","-115.99278155619636","LINESTRING (-118.73226467260795 35.34244322872474, -115.99278155619636 33.74552491912014)","307.3649781776749","USA.5.15_1","USA.5.33_1","Kern","Riverside","GADM2","3.6","US","2025-02-09 08:00","114.57142857142857","87.0","-27.57142857142857","-23.856613102595794","-1.233913452200335","2025-02-09"
"35.34244322872474","-118.73226467260795","33.03467961448801","-116.73219428917275","LINESTRING (-118.73226467260795 35.34244322872474, -116.73219428917275 33.03467961448801)","315.72334669567107","USA.5.15_1","USA.5.37_1","Kern","San Diego","GADM2","3.6","US","2025-02-09 08:00","79.14285714285714","46.0","-33.14285714285714","-41.35472370766488","-1.0709035773964755","2025-02-09"
"35.34244322872474","-118.73226467260795","35.38769386213297","-120.40591003420344","LINESTRING (-118.73226467260795 35.34244322872474, -120.40591003420344 35.38769386213297)","151.84350226178222","USA.5.15_1","USA.5.40_1","Kern","San Luis Obispo","GADM2","3.6","US","2025-02-09 08:00","82.42857142857143","82.0","-0.4285714285714306","-0.5136986301369887","-0.016763352011160308","2025-02-09"
"35.34244322872474","-118.73226467260795","34.67281324104238","-120.01817389021367","LINESTRING (-118.73226467260795 35.34244322872474, -120.01817389021367 34.67281324104238)","138.78057405531743","USA.5.15_1","USA.5.42_1","Kern","Santa Barbara","GADM2","3.6","US","2025-02-09 08:00","64.39176486122506","50.0","-14.391764861225056","-22.008527972547274","-1.6291958321468663","2025-02-09"
"35.34244322872474","-118.73226467260795","33.70302467912685","-117.76086188122495","LINESTRING (-118.73226467260795 35.34244322872474, -117.76086188122495 33.70302467912685)","202.85493897633287","USA.5.15_1","USA.5.30_1","Kern","Orange","GADM2","3.6","US","2025-02-09 08:00","136.77844536767606","140.0","3.2215546323239437","2.3382138067583007","0.14080205631266593","2025-02-09"
"35.34244322872474","-118.73226467260795","34.45691532289751","-119.08528774659119","LINESTRING (-118.73226467260795 35.34244322872474, -119.08528774659119 34.45691532289751)","103.59572176335116","USA.5.15_1","USA.5.56_1","Kern","Ventura","GADM2","3.6","US","2025-02-09 08:00","109.85714285714286","95.0","-14.857142857142861","-13.402061855670107","-0.494375651925897","2025-02-09"
"35.34244322872474","-118.73226467260795","36.21567337254576","-115.01864068116636","LINESTRING (-118.73226467260795 35.34244322872474, -115.01864068116636 36.21567337254576)","348.76706983633136","USA.5.15_1","USA.29.3_1","Kern","Clark","GADM2","3.6","US","2025-02-09 08:00","87.85714285714286","38.0","-49.85714285714286","-56.10932475884245","-1.8709170180049361","2025-02-09"
"35.34244322872474","-118.73226467260795","36.220211537773395","-118.80144209701061","LINESTRING (-118.73226467260795 35.34244322872474, -118.80144209701061 36.220211537773395)","97.80281139192576","USA.5.15_1","USA.5.54_1","Kern","Tulare","GADM2","3.6","US","2025-02-09 08:00","448.57142857142856","399.0","-49.571428571428555","-11.02637432475373","-0.953305097468429","2025-02-09"
"35.34244322872474","-118.73226467260795","36.21747682090295","-121.23962348153657","LINESTRING (-118.73226467260795 35.34244322872474, -121.23962348153657 36.21747682090295)","246.21572031995777","USA.5.15_1","USA.5.27_1","Kern","Monterey","GADM2","3.6","US","2025-02-09 08:00","42.57142857142857","25.0","-17.57142857142857","-40.32786885245901","-1.4511485570876688","2025-02-09"
"35.34244322872474","-118.73226467260795","36.51140391678481","-117.41198453824227","LINESTRING (-118.73226467260795 35.34244322872474, -117.41198453824227 36.51140391678481)","176.14380941923858","USA.5.15_1","USA.5.14_1","Kern","Inyo","GADM2","3.6","US","2025-02-09 08:00","27.714285714285715","16.0","-11.714285714285715","-40.79601990049751","-1.8024517580649402","2025-02-09"
"35.34244322872474","-118.73226467260795","36.07467093999243","-119.81623818576698","LINESTRING (-118.73226467260795 35.34244322872474, -119.81623818576698 36.07467093999243)","127.30960123841905","USA.5.15_1","USA.5.16_1","Kern","Kings","GADM2","3.6","US","2025-02-09 08:00","91.28571428571429","60.0","-31.285714285714292","-33.900928792569665","-1.3818753745848062","2025-02-09"
"35.34244322872474","-118.73226467260795","34.321822973296776","-118.22668057620999","LINESTRING (-118.73226467260795 35.34244322872474, -118.22668057620999 34.321822973296776)","122.5104403549645","USA.5.15_1","USA.5.19_1","Kern","Los Angeles","GADM2","3.6","US","2025-02-09 08:00","1467.5714285714287","1220.0","-247.57142857142867","-16.857976653696504","-3.380742159315994","2025-02-09"
"36.220211537773395","-118.80144209701061","34.84273278914933","-116.17966371089373","LINESTRING (-118.80144209701061 36.220211537773395, -116.17966371089373 34.84273278914933)","282.3753001807942","USA.5.54_1","USA.5.36_1","Tulare","San Bernardino","GADM2","3.6","US","2025-02-09 08:00","45.142857142857146","39.0","-6.142857142857146","-13.312693498452017","-0.5297216421963999","2025-02-09"
"36.220211537773395","-118.80144209701061","35.34244322872474","-118.73226467260795","LINESTRING (-118.80144209701061 36.220211537773395, -118.73226467260795 35.34244322872474)","97.80281139192607","USA.5.54_1","USA.5.15_1","Tulare","Kern","GADM2","3.6","US","2025-02-09 08:00","527.4285714285714","490.0","-37.428571428571445","-7.08299540416329","-0.6460613924527485","2025-02-09"
"36.220211537773395","-118.80144209701061","33.74552491912014","-115.99278155619636","LINESTRING (-118.80144209701061 36.220211537773395, -115.99278155619636 33.74552491912014)","375.7213407826109","USA.5.54_1","USA.5.33_1","Tulare","Riverside","GADM2","3.6","US","2025-02-09 08:00","18.27967994092452","17.0","-1.2796799409245203","-6.63745427748608","-0.18152339939343926","2025-02-09"
"36.220211537773395","-118.80144209701061","33.03467961448801","-116.73219428917275","LINESTRING (-118.80144209701061 36.220211537773395, -116.73219428917275 33.03467961448801)","401.6116751772937","USA.5.54_1","USA.5.37_1","Tulare","San Diego","GADM2","3.6","US","2025-02-09 08:00","20.19707173473633","12.0","-8.19707173473633","-38.670774139540804","-0.8598432832223118","2025-02-09"
"36.220211537773395","-118.80144209701061","35.38769386213297","-120.40591003420344","LINESTRING (-118.80144209701061 36.220211537773395, -120.40591003420344 35.38769386213297)","171.76861487408016","USA.5.54_1","USA.5.40_1","Tulare","San Luis Obispo","GADM2","3.6","US","2025-02-09 08:00","53.285714285714285","32.0","-21.285714285714285","-39.21052631578947","-1.422514046095377","2025-02-09"
"36.220211537773395","-118.80144209701061","33.70302467912685","-117.76086188122495","LINESTRING (-118.80144209701061 36.220211537773395, -117.76086188122495 33.70302467912685)","295.51948069046875","USA.5.54_1","USA.5.30_1","Tulare","Orange","GADM2","3.6","US","2025-02-09 08:00","36.57142857142857","27.0","-9.57142857142857","-25.475285171102655","-1.020593886062993","2025-02-09"
"36.220211537773395","-118.80144209701061","34.45691532289751","-119.08528774659119","LINESTRING (-118.80144209701061 36.220211537773395, -119.08528774659119 34.45691532289751)","197.7528125459547","USA.5.54_1","USA.5.56_1","Tulare","Ventura","GADM2","3.6","US","2025-02-09 08:00","10.571428571428571","14.0","3.428571428571429","29.629629629629633","0.8584212215476802","2025-02-09"
"36.220211537773395","-118.80144209701061","36.07467093999243","-119.81623818576698","LINESTRING (-118.80144209701061 36.220211537773395, -119.81623818576698 36.07467093999243)","92.54430275337998","USA.5.54_1","USA.5.16_1","Tulare","Kings","GADM2","3.6","US","2025-02-09 08:00","385.0","342.0","-43.0","-11.139896373056995","-1.391447323634733","2025-02-09"
"36.220211537773395","-118.80144209701061","34.321822973296776","-118.22668057620999","LINESTRING (-118.80144209701061 36.220211537773395, -118.22668057620999 34.321822973296776)","217.44332075791277","USA.5.54_1","USA.5.19_1","Tulare","Los Angeles","GADM2","3.6","US","2025-02-09 08:00","197.0","113.0","-84.0","-42.42424242424242","-4.0","2025-02-09"
"36.220211537773395","-118.80144209701061","36.220211537773395","-118.80144209701061","POINT (-118.80144209701061 36.220211537773395)","0.0","USA.5.54_1","USA.5.54_1","Tulare","Tulare","GADM2","3.6","US","2025-02-09 08:00","48607.28571428572","49036.0","428.7142857142826","0.8819777933215319","0.358296748821382","2025-02-09"
"36.220211537773395","-118.80144209701061","36.21567337254576","-115.01864068116636","LINESTRING (-118.80144209701061 36.220211537773395, -115.01864068116636 36.21567337254576)","339.33193747035","USA.5.54_1","USA.29.3_1","Tulare","Clark","GADM2","3.6","US","2025-02-09 08:00","19.857142857142858","14.0","-5.857142857142858","-28.08219178082192","-1.0023880631021158","2025-02-09"
"35.38769386213297","-120.40591003420344","34.84273278914933","-116.17966371089373","LINESTRING (-120.40591003420344 35.38769386213297, -116.17966371089373 34.84273278914933)","389.12260487656937","USA.5.40_1","USA.5.36_1","San Luis Obispo","San Bernardino","GADM2","3.6","US","2025-02-09 08:00","19.571428571428573","17.0","-2.571428571428573","-12.500000000000005","-0.4349467424210712","2025-02-09"
"35.38769386213297","-120.40591003420344","35.34244322872474","-118.73226467260795","LINESTRING (-120.40591003420344 35.38769386213297, -118.73226467260795 35.34244322872474)","151.84350226178222","USA.5.40_1","USA.5.15_1","San Luis Obispo","Kern","GADM2","3.6","US","2025-02-09 08:00","118.19879516419992","100.0","-18.19879516419992","-15.267599927608776","-0.7743038342953531","2025-02-09"
"35.38769386213297","-120.40591003420344","33.74552491912014","-115.99278155619636","LINESTRING (-120.40591003420344 35.38769386213297, -115.99278155619636 33.74552491912014)","443.3724316156336","USA.5.40_1","USA.5.33_1","San Luis Obispo","Riverside","GADM2","3.6","US","2025-02-09 08:00","14.857142857142858","","","","","2025-02-09"
"35.38769386213297","-120.40591003420344","33.03467961448801","-116.73219428917275","LINESTRING (-120.40591003420344 35.38769386213297, -116.73219428917275 33.03467961448801)","427.2318101494245","USA.5.40_1","USA.5.37_1","San Luis Obispo","San Diego","GADM2","3.6","US","2025-02-09 08:00","20.142857142857142","11.0","-9.142857142857142","-43.24324324324324","-1.5723977256552728","2025-02-09"
"35.38769386213297","-120.40591003420344","35.38769386213297","-120.40591003420344","POINT (-120.40591003420344 35.38769386213297)","0.0","USA.5.40_1","USA.5.40_1","San Luis Obispo","San Luis Obispo","GADM2","3.6","US","2025-02-09 08:00","24550.14285714286","25080.0","529.8571428571413","2.158177099698582","0.8174914896213479","2025-02-09"
"35.38769386213297","-120.40591003420344","34.67281324104238","-120.01817389021367","LINESTRING (-120.40591003420344 35.38769386213297, -120.01817389021367 34.67281324104238)","86.97813633252379","USA.5.40_1","USA.5.42_1","San Luis Obispo","Santa Barbara","GADM2","3.6","US","2025-02-09 08:00","522.7142857142857","475.0","-47.714285714285666","-9.11074740861974","-1.8588190030179506","2025-02-09"
"35.38769386213297","-120.40591003420344","33.70302467912685","-117.76086188122495","LINESTRING (-120.40591003420344 35.38769386213297, -117.76086188122495 33.70302467912685)","306.2128067731328","USA.5.40_1","USA.5.30_1","San Luis Obispo","Orange","GADM2","3.6","US","2025-02-09 08:00","32.714285714285715","30.0","-2.7142857142857153","-8.050847457627123","-0.24384371271671196","2025-02-09"
"35.38769386213297","-120.40591003420344","34.45691532289751","-119.08528774659119","LINESTRING (-120.40591003420344 35.38769386213297, -119.08528774659119 34.45691532289751)","158.77009642403394","USA.5.40_1","USA.5.56_1","San Luis Obispo","Ventura","GADM2","3.6","US","2025-02-09 08:00","62.857142857142854","43.0","-19.857142857142854","-31.096196868008946","-1.83728967103029","2025-02-09"
"35.38769386213297","-120.40591003420344","36.21567337254576","-115.01864068116636","LINESTRING (-120.40591003420344 35.38769386213297, -115.01864068116636 36.21567337254576)","494.4232280723004","USA.5.40_1","USA.29.3_1","San Luis Obispo","Clark","GADM2","3.6","US","2025-02-09 08:00","","10.0","","","","2025-02-09"
"35.38769386213297","-120.40591003420344","36.220211537773395","-118.80144209701061","LINESTRING (-120.40591003420344 35.38769386213297, -118.80144209701061 36.220211537773395)","171.76861487407996","USA.5.40_1","USA.5.54_1","San Luis Obispo","Tulare","GADM2","3.6","US","2025-02-09 08:00","40.857142857142854","58.0","17.142857142857146","40.95563139931742","1.7045729691814087","2025-02-09"
"35.38769386213297","-120.40591003420344","36.21747682090295","-121.23962348153657","LINESTRING (-120.40591003420344 35.38769386213297, -121.23962348153657 36.21747682090295)","119.02167999902136","USA.5.40_1","USA.5.27_1","San Luis Obispo","Monterey","GADM2","3.6","US","2025-02-09 08:00","112.71428571428571","87.0","-25.714285714285708","-22.61306532663316","-1.1248681872322603","2025-02-09"
"35.38769386213297","-120.40591003420344","36.07467093999243","-119.81623818576698","LINESTRING (-120.40591003420344 35.38769386213297, -119.81623818576698 36.07467093999243)","93.10290843600372","USA.5.40_1","USA.5.16_1","San Luis Obispo","Kings","GADM2","3.6","US","2025-02-09 08:00","45.857142857142854","44.0","-1.857142857142854","-3.963414634146335","-0.2233426431418157","2025-02-09"
"35.38769386213297","-120.40591003420344","34.321822973296776","-118.22668057620999","LINESTRING (-120.40591003420344 35.38769386213297, -118.22668057620999 34.321822973296776)","231.48044854804857","USA.5.40_1","USA.5.19_1","San Luis Obispo","Los Angeles","GADM2","3.6","US","2025-02-09 08:00","121.92623129115759","77.0","-44.92623129115759","-36.547310382230236","-1.541844320950886","2025-02-09"
"36.21567337254576","-115.01864068116636","34.84273278914933","-116.17966371089373","LINESTRING (-115.01864068116636 36.21567337254576, -116.17966371089373 34.84273278914933)","185.31969681503344","USA.29.3_1","USA.5.36_1","Clark","San Bernardino","GADM2","3.6","US","2025-02-09 08:00","1573.5623706341637","902.0","-671.5623706341637","-42.650731603835304","-1.1808663081075672","2025-02-09"
"36.21567337254576","-115.01864068116636","33.04031085182373","-115.36367513698546","LINESTRING (-115.01864068116636 36.21567337254576, -115.36367513698546 33.04031085182373)","354.4924316401141","USA.29.3_1","USA.5.13_1","Clark","Imperial","GADM2","3.6","US","2025-02-09 08:00","14.571428571428571","","","","","2025-02-09"
"36.21567337254576","-115.01864068116636","33.03467961448801","-116.73219428917275","LINESTRING (-115.01864068116636 36.21567337254576, -116.73219428917275 33.03467961448801)","386.88390213274863","USA.29.3_1","USA.5.37_1","Clark","San Diego","GADM2","3.6","US","2025-02-09 08:00","251.23735560599638","160.0","-91.23735560599638","-36.171230619984904","-1.6197748953251345","2025-02-09"
"36.21567337254576","-115.01864068116636","35.38769386213297","-120.40591003420344","LINESTRING (-115.01864068116636 36.21567337254576, -120.40591003420344 35.38769386213297)","494.4232280723004","USA.29.3_1","USA.5.40_1","Clark","San Luis Obispo","GADM2","3.6","US","2025-02-09 08:00","10.285714285714286","","","","","2025-02-09"
"36.21567337254576","-115.01864068116636","35.34244322872474","-118.73226467260795","LINESTRING (-115.01864068116636 36.21567337254576, -118.73226467260795 35.34244322872474)","348.76706983633153","USA.29.3_1","USA.5.15_1","Clark","Kern","GADM2","3.6","US","2025-02-09 08:00","204.05290489338404","126.0","-78.05290489338404","-38.06476427825646","-1.3151468553244066","2025-02-09"
"36.21567337254576","-115.01864068116636","33.74552491912014","-115.99278155619636","LINESTRING (-115.01864068116636 36.21567337254576, -115.99278155619636 33.74552491912014)","288.6459041308071","USA.29.3_1","USA.5.33_1","Clark","Riverside","GADM2","3.6","US","2025-02-09 08:00","267.14285714285717","168.0","-99.14285714285717","-36.97389451251999","-4.0","2025-02-09"
"36.21567337254576","-115.01864068116636","33.70302467912685","-117.76086188122495","LINESTRING (-115.01864068116636 36.21567337254576, -117.76086188122495 33.70302467912685)","374.8107699233517","USA.29.3_1","USA.5.30_1","Clark","Orange","GADM2","3.6","US","2025-02-09 08:00","337.2857142857143","204.0","-133.28571428571428","-39.40033783783784","-2.176961298809806","2025-02-09"
"36.21567337254576","-115.01864068116636","34.67281324104238","-120.01817389021367","LINESTRING (-115.01864068116636 36.21567337254576, -120.01817389021367 34.67281324104238)","484.22688177755623","USA.29.3_1","USA.5.42_1","Clark","Santa Barbara","GADM2","3.6","US","2025-02-09 08:00","18.857142857142858","","","","","2025-02-09"
"36.21567337254576","-115.01864068116636","34.45691532289751","-119.08528774659119","LINESTRING (-115.01864068116636 36.21567337254576, -119.08528774659119 34.45691532289751)","417.46348272143103","USA.29.3_1","USA.5.56_1","Clark","Ventura","GADM2","3.6","US","2025-02-09 08:00","49.29943834813328","30.0","-19.29943834813328","-38.36909313888894","-1.0362803376148968","2025-02-09"
"36.21567337254576","-115.01864068116636","34.321822973296776","-118.22668057620999","LINESTRING (-115.01864068116636 36.21567337254576, -118.22668057620999 34.321822973296776)","359.3646920342064","USA.29.3_1","USA.5.19_1","Clark","Los Angeles","GADM2","3.6","US","2025-02-09 08:00","1042.7626709832955","633.0","-409.7626709832955","-39.25822242687326","-1.551858719352593","2025-02-09"
"36.21567337254576","-115.01864068116636","36.220211537773395","-118.80144209701061","LINESTRING (-115.01864068116636 36.21567337254576, -118.80144209701061 36.220211537773395)","339.33193747035","USA.29.3_1","USA.5.54_1","Clark","Tulare","GADM2","3.6","US","2025-02-09 08:00","25.142857142857142","17.0","-8.142857142857142","-31.147540983606554","-1.220992580491451","2025-02-09"
"36.21567337254576","-115.01864068116636","36.51140391678481","-117.41198453824227","LINESTRING (-115.01864068116636 36.21567337254576, -117.41198453824227 36.51140391678481)","216.80751654855612","USA.29.3_1","USA.5.14_1","Clark","Inyo","GADM2","3.6","US","2025-02-09 08:00","19.0","14.0","-5.0","-25.0","-1.4048787173725412","2025-02-09"
"36.21567337254576","-115.01864068116636","36.21567337254576","-115.01864068116636","POINT (-115.01864068116636 36.21567337254576)","0.0","USA.29.3_1","USA.29.3_1","Clark","Clark","GADM2","3.6","US","2025-02-09 08:00","328399.5714285714","325776.0","-2623.5714285714203","-0.7988936855860674","-0.2821927501968654","2025-02-09"
"33.70302467912685","-117.76086188122495","34.84273278914933","-116.17966371089373","LINESTRING (-117.76086188122495 33.70302467912685, -116.17966371089373 34.84273278914933)","192.79098878089172","USA.5.30_1","USA.5.36_1","Orange","San Bernardino","GADM2","3.6","US","2025-02-09 08:00","1571.8758100692235","1437.0","-134.87581006922346","-8.575108677098129","-1.2207904827339835","2025-02-09"
"33.70302467912685","-117.76086188122495","35.34244322872474","-118.73226467260795","LINESTRING (-117.76086188122495 33.70302467912685, -118.73226467260795 35.34244322872474)","202.85493897633296","USA.5.30_1","USA.5.15_1","Orange","Kern","GADM2","3.6","US","2025-02-09 08:00","205.52297121926844","113.0","-92.52297121926844","-44.80032931592653","-1.524828270293127","2025-02-09"
"33.70302467912685","-117.76086188122495","33.74552491912014","-115.99278155619636","LINESTRING (-117.76086188122495 33.70302467912685, -115.99278155619636 33.74552491912014)","163.58377429910695","USA.5.30_1","USA.5.33_1","Orange","Riverside","GADM2","3.6","US","2025-02-09 08:00","2278.4285714285716","2082.0","-196.42857142857156","-8.617447981950368","-0.9258605018396057","2025-02-09"
"33.70302467912685","-117.76086188122495","33.04031085182373","-115.36367513698546","LINESTRING (-117.76086188122495 33.70302467912685, -115.36367513698546 33.04031085182373)","234.47848115132498","USA.5.30_1","USA.5.13_1","Orange","Imperial","GADM2","3.6","US","2025-02-09 08:00","18.285714285714285","11.0","-7.285714285714285","-37.77777777777777","-1.4798677035028818","2025-02-09"
"33.70302467912685","-117.76086188122495","33.03467961448801","-116.73219428917275","LINESTRING (-117.76086188122495 33.70302467912685, -116.73219428917275 33.03467961448801)","121.02876424215691","USA.5.30_1","USA.5.37_1","Orange","San Diego","GADM2","3.6","US","2025-02-09 08:00","1175.4285714285713","1084.0","-91.42857142857133","-7.771706132361863","-0.8586216834525376","2025-02-09"
"33.70302467912685","-117.76086188122495","35.38769386213297","-120.40591003420344","LINESTRING (-117.76086188122495 33.70302467912685, -120.40591003420344 35.38769386213297)","306.212806773133","USA.5.30_1","USA.5.40_1","Orange","San Luis Obispo","GADM2","3.6","US","2025-02-09 08:00","29.714285714285715","18.0","-11.714285714285715","-38.139534883720934","-1.71654831695826","2025-02-09"
"33.70302467912685","-117.76086188122495","34.67281324104238","-120.01817389021367","LINESTRING (-117.76086188122495 33.70302467912685, -120.01817389021367 34.67281324104238)","233.95296283645933","USA.5.30_1","USA.5.42_1","Orange","Santa Barbara","GADM2","3.6","US","2025-02-09 08:00","94.28571428571429","63.0","-31.285714285714292","-32.83358320839581","-1.6340553710922923","2025-02-09"
"33.70302467912685","-117.76086188122495","33.70302467912685","-117.76086188122495","POINT (-117.76086188122495 33.70302467912685)","0.0","USA.5.30_1","USA.5.30_1","Orange","Orange","GADM2","3.6","US","2025-02-09 08:00","258348.42857142858","257470.0","-878.4285714285797","-0.34001568197226006","-0.16191742012086546","2025-02-09"
"33.70302467912685","-117.76086188122495","34.45691532289751","-119.08528774659119","LINESTRING (-117.76086188122495 33.70302467912685, -119.08528774659119 34.45691532289751)","148.00327682561402","USA.5.30_1","USA.5.56_1","Orange","Ventura","GADM2","3.6","US","2025-02-09 08:00","131.85714285714286","103.0","-28.85714285714286","-21.720430107526884","-2.142118551724616","2025-02-09"
"33.70302467912685","-117.76086188122495","36.21567337254576","-115.01864068116636","LINESTRING (-117.76086188122495 33.70302467912685, -115.01864068116636 36.21567337254576)","374.8107699233515","USA.5.30_1","USA.29.3_1","Orange","Clark","GADM2","3.6","US","2025-02-09 08:00","299.0","222.0","-77.0","-25.666666666666668","-1.1535877195361743","2025-02-09"
"33.70302467912685","-117.76086188122495","36.220211537773395","-118.80144209701061","LINESTRING (-117.76086188122495 33.70302467912685, -118.80144209701061 36.220211537773395)","295.5194806904688","USA.5.30_1","USA.5.54_1","Orange","Tulare","GADM2","3.6","US","2025-02-09 08:00","35.42857142857143","19.0","-16.42857142857143","-45.09803921568628","-1.5885634710452226","2025-02-09"
"33.70302467912685","-117.76086188122495","36.21747682090295","-121.23962348153657","LINESTRING (-117.76086188122495 33.70302467912685, -121.23962348153657 36.21747682090295)","422.6399342488973","USA.5.30_1","USA.5.27_1","Orange","Monterey","GADM2","3.6","US","2025-02-09 08:00","11.571428571428571","","","","","2025-02-09"
"33.70302467912685","-117.76086188122495","36.51140391678481","-117.41198453824227","LINESTRING (-117.76086188122495 33.70302467912685, -117.41198453824227 36.51140391678481)","313.88569954459746","USA.5.30_1","USA.5.14_1","Orange","Inyo","GADM2","3.6","US","2025-02-09 08:00","15.285714285714286","","","","","2025-02-09"
"33.70302467912685","-117.76086188122495","36.07467093999243","-119.81623818576698","LINESTRING (-117.76086188122495 33.70302467912685, -119.81623818576698 36.07467093999243)","323.5382752790712","USA.5.30_1","USA.5.16_1","Orange","Kings","GADM2","3.6","US","2025-02-09 08:00","19.442880945562845","13.0","-6.442880945562845","-31.51650182143863","-0.5435382211859062","2025-02-09"
"33.70302467912685","-117.76086188122495","34.321822973296776","-118.22668057620999","LINESTRING (-117.76086188122495 33.70302467912685, -118.22668057620999 34.321822973296776)","81.1038449132116","USA.5.30_1","USA.5.19_1","Orange","Los Angeles","GADM2","3.6","US","2025-02-09 08:00","9706.857142857143","8288.0","-1418.8571428571431","-14.615554411007288","-2.311315983968792","2025-02-09"
"36.51140391678481","-117.41198453824227","34.84273278914933","-116.17966371089373","LINESTRING (-117.41198453824227 36.51140391678481, -116.17966371089373 34.84273278914933)","216.36924534658155","USA.5.14_1","USA.5.36_1","Inyo","San Bernardino","GADM2","3.6","US","2025-02-09 08:00","21.809999235638934","23.0","1.1900007643610664","5.217013609109545","0.10320710948460103","2025-02-09"
"36.51140391678481","-117.41198453824227","35.34244322872474","-118.73226467260795","LINESTRING (-117.41198453824227 36.51140391678481, -118.73226467260795 35.34244322872474)","176.1438094192384","USA.5.14_1","USA.5.15_1","Inyo","Kern","GADM2","3.6","US","2025-02-09 08:00","31.570291998278858","24.0","-7.570291998278858","-23.242935613469175","-0.45772825582178417","2025-02-09"
"36.51140391678481","-117.41198453824227","36.21567337254576","-115.01864068116636","LINESTRING (-117.41198453824227 36.51140391678481, -115.01864068116636 36.21567337254576)","216.80751654855612","USA.5.14_1","USA.29.3_1","Inyo","Clark","GADM2","3.6","US","2025-02-09 08:00","11.0","15.0","4.0","33.333333333333336","1.2443420336765103","2025-02-09"
"36.51140391678481","-117.41198453824227","36.51140391678481","-117.41198453824227","POINT (-117.41198453824227 36.51140391678481)","0.0","USA.5.14_1","USA.5.14_1","Inyo","Inyo","GADM2","3.6","US","2025-02-09 08:00","1839.7142857142858","1883.0","43.28571428571422","2.351571594877761","0.5057474664391529","2025-02-09"
"36.51140391678481","-117.41198453824227","34.321822973296776","-118.22668057620999","LINESTRING (-117.41198453824227 36.51140391678481, -118.22668057620999 34.321822973296776)","254.4145248492843","USA.5.14_1","USA.5.19_1","Inyo","Los Angeles","GADM2","3.6","US","2025-02-09 08:00","24.976852444689857","20.0","-4.976852444689857","-19.158797068607967","-1.1170271539144827","2025-02-09"
"33.74552491912014","-115.99278155619636","34.84273278914933","-116.17966371089373","LINESTRING (-115.99278155619636 33.74552491912014, -116.17966371089373 34.84273278914933)","123.20601915316418","USA.5.33_1","USA.5.36_1","Riverside","San Bernardino","GADM2","3.6","US","2025-02-09 08:00","5862.428571428572","5392.0","-470.42857142857156","-8.023097164019104","-1.1590534117758244","2025-02-09"
"33.74552491912014","-115.99278155619636","35.38769386213297","-120.40591003420344","LINESTRING (-115.99278155619636 33.74552491912014, -120.40591003420344 35.38769386213297)","443.3724316156335","USA.5.33_1","USA.5.40_1","Riverside","San Luis Obispo","GADM2","3.6","US","2025-02-09 08:00","13.285714285714286","13.0","-0.2857142857142865","-2.0000000000000053","-0.04142465106674678","2025-02-09"
"33.74552491912014","-115.99278155619636","33.70302467912685","-117.76086188122495","LINESTRING (-115.99278155619636 33.74552491912014, -117.76086188122495 33.70302467912685)","163.58377429910695","USA.5.33_1","USA.5.30_1","Riverside","Orange","GADM2","3.6","US","2025-02-09 08:00","3324.1428571428573","3097.0","-227.14285714285734","-6.8310706306925635","-0.8888935972303837","2025-02-09"
"33.74552491912014","-115.99278155619636","35.34244322872474","-118.73226467260795","LINESTRING (-115.99278155619636 33.74552491912014, -118.73226467260795 35.34244322872474)","307.3649781776749","USA.5.33_1","USA.5.15_1","Riverside","Kern","GADM2","3.6","US","2025-02-09 08:00","150.6658482208811","98.0","-52.66584822088109","-34.72492247838175","-1.1760640230900556","2025-02-09"
"33.74552491912014","-115.99278155619636","33.04031085182373","-115.36367513698546","LINESTRING (-115.99278155619636 33.74552491912014, -115.36367513698546 33.04031085182373)","97.77626084879066","USA.5.33_1","USA.5.13_1","Riverside","Imperial","GADM2","3.6","US","2025-02-09 08:00","187.14285714285714","170.0","-17.14285714285714","-9.111617312072891","-0.6202841322350019","2025-02-09"
"33.74552491912014","-115.99278155619636","33.74552491912014","-115.99278155619636","POINT (-115.99278155619636 33.74552491912014)","0.0","USA.5.33_1","USA.5.33_1","Riverside","Riverside","GADM2","3.6","US","2025-02-09 08:00","243334.85714285713","249248.0","5913.14285714287","2.43003350454487","1.4282038375995072","2025-02-09"
"33.74552491912014","-115.99278155619636","33.03467961448801","-116.73219428917275","LINESTRING (-115.99278155619636 33.74552491912014, -116.73219428917275 33.03467961448801)","104.69068947464298","USA.5.33_1","USA.5.37_1","Riverside","San Diego","GADM2","3.6","US","2025-02-09 08:00","2149.8571428571427","1875.0","-274.85714285714266","-12.778958554729005","-2.4340666837341796","2025-02-09"
"33.74552491912014","-115.99278155619636","34.67281324104238","-120.01817389021367","LINESTRING (-115.99278155619636 33.74552491912014, -120.01817389021367 34.67281324104238)","384.2242241613475","USA.5.33_1","USA.5.42_1","Riverside","Santa Barbara","GADM2","3.6","US","2025-02-09 08:00","42.857142857142854","33.0","-9.857142857142854","-22.475570032573284","-0.8306824513276518","2025-02-09"
"33.74552491912014","-115.99278155619636","34.45691532289751","-119.08528774659119","LINESTRING (-115.99278155619636 33.74552491912014, -119.08528774659119 34.45691532289751)","295.5110930705003","USA.5.33_1","USA.5.56_1","Riverside","Ventura","GADM2","3.6","US","2025-02-09 08:00","101.96303414556724","86.0","-15.963034145567235","-15.503655538160416","-1.045961439239206","2025-02-09"
"33.74552491912014","-115.99278155619636","36.07467093999243","-119.81623818576698","LINESTRING (-115.99278155619636 33.74552491912014, -119.81623818576698 36.07467093999243)","434.2494314128641","USA.5.33_1","USA.5.16_1","Riverside","Kings","GADM2","3.6","US","2025-02-09 08:00","10.807170466700486","","","","","2025-02-09"
"33.74552491912014","-115.99278155619636","34.321822973296776","-118.22668057620999","LINESTRING (-115.99278155619636 33.74552491912014, -118.22668057620999 34.321822973296776)","215.5880027453175","USA.5.33_1","USA.5.19_1","Riverside","Los Angeles","GADM2","3.6","US","2025-02-09 08:00","4137.714285714285","3658.0","-479.7142857142853","-11.590901246073653","-1.9914890761127984","2025-02-09"
"33.74552491912014","-115.99278155619636","36.21567337254576","-115.01864068116636","LINESTRING (-115.99278155619636 33.74552491912014, -115.01864068116636 36.21567337254576)","288.64590413080685","USA.5.33_1","USA.29.3_1","Riverside","Clark","GADM2","3.6","US","2025-02-09 08:00","218.85714285714286","149.0","-69.85714285714286","-31.773879142300196","-1.778695411006125","2025-02-09"
"33.74552491912014","-115.99278155619636","36.220211537773395","-118.80144209701061","LINESTRING (-115.99278155619636 33.74552491912014, -118.80144209701061 36.220211537773395)","375.7213407826108","USA.5.33_1","USA.5.54_1","Riverside","Tulare","GADM2","3.6","US","2025-02-09 08:00","22.142857142857142","20.0","-2.1428571428571423","-9.259259259259256","-0.2378855548858316","2025-02-09"
"33.74552491912014","-115.99278155619636","36.51140391678481","-117.41198453824227","LINESTRING (-115.99278155619636 33.74552491912014, -117.41198453824227 36.51140391678481)","333.52363668425454","USA.5.33_1","USA.5.14_1","Riverside","Inyo","GADM2","3.6","US","2025-02-09 08:00","12.857142857142858","","","","","2025-02-09"
"36.21747682090295","-121.23962348153657","34.84273278914933","-116.17966371089373","LINESTRING (-121.23962348153657 36.21747682090295, -116.17966371089373 34.84273278914933)","482.65342733661237","USA.5.27_1","USA.5.36_1","Monterey","San Bernardino","GADM2","3.6","US","2025-02-09 08:00","14.142857142857142","11.0","-3.1428571428571423","-20.754716981132074","-0.6032493468177899","2025-02-09"
"36.21747682090295","-121.23962348153657","35.34244322872474","-118.73226467260795","LINESTRING (-121.23962348153657 36.21747682090295, -118.73226467260795 35.34244322872474)","246.21572031995768","USA.5.27_1","USA.5.15_1","Monterey","Kern","GADM2","3.6","US","2025-02-09 08:00","62.57142857142857","41.0","-21.57142857142857","-33.93258426966292","-1.1354132337870322","2025-02-09"
"36.21747682090295","-121.23962348153657","33.74552491912014","-115.99278155619636","LINESTRING (-121.23962348153657 36.21747682090295, -115.99278155619636 33.74552491912014)","551.2860147931714","USA.5.27_1","USA.5.33_1","Monterey","Riverside","GADM2","3.6","US","2025-02-09 08:00","13.428571428571429","10.0","-3.428571428571429","-23.762376237623766","-0.4968472027264951","2025-02-09"
"36.21747682090295","-121.23962348153657","33.03467961448801","-116.73219428917275","LINESTRING (-121.23962348153657 36.21747682090295, -116.73219428917275 33.03467961448801)","543.3386623630297","USA.5.27_1","USA.5.37_1","Monterey","San Diego","GADM2","3.6","US","2025-02-09 08:00","11.857142857142858","","","","","2025-02-09"
"36.21747682090295","-121.23962348153657","35.38769386213297","-120.40591003420344","LINESTRING (-121.23962348153657 36.21747682090295, -120.40591003420344 35.38769386213297)","119.02167999902176","USA.5.27_1","USA.5.40_1","Monterey","San Luis Obispo","GADM2","3.6","US","2025-02-09 08:00","110.11008271544152","91.0","-19.11008271544152","-17.19923363245386","-1.1123466488940192","2025-02-09"
"36.21747682090295","-121.23962348153657","34.67281324104238","-120.01817389021367","LINESTRING (-121.23962348153657 36.21747682090295, -120.01817389021367 34.67281324104238)","204.30886977980975","USA.5.27_1","USA.5.42_1","Monterey","Santa Barbara","GADM2","3.6","US","2025-02-09 08:00","32.42857142857143","20.0","-12.42857142857143","-37.17948717948718","-1.2390279732261447","2025-02-09"
"36.21747682090295","-121.23962348153657","34.45691532289751","-119.08528774659119","LINESTRING (-121.23962348153657 36.21747682090295, -119.08528774659119 34.45691532289751)","276.5918862725083","USA.5.27_1","USA.5.56_1","Monterey","Ventura","GADM2","3.6","US","2025-02-09 08:00","14.0","13.0","-1.0","-6.666666666666667","-0.27386127875258304","2025-02-09"
"36.21747682090295","-121.23962348153657","36.07467093999243","-119.81623818576698","LINESTRING (-121.23962348153657 36.21747682090295, -119.81623818576698 36.07467093999243)","128.78978386085595","USA.5.27_1","USA.5.16_1","Monterey","Kings","GADM2","3.6","US","2025-02-09 08:00","","10.0","","","","2025-02-09"
"36.21747682090295","-121.23962348153657","34.321822973296776","-118.22668057620999","LINESTRING (-121.23962348153657 36.21747682090295, -118.22668057620999 34.321822973296776)","345.29177616119756","USA.5.27_1","USA.5.19_1","Monterey","Los Angeles","GADM2","3.6","US","2025-02-09 08:00","53.57142857142857","19.0","-34.57142857142857","-63.35078534031413","-1.4401190623709186","2025-02-09"
"36.21747682090295","-121.23962348153657","36.21747682090295","-121.23962348153657","POINT (-121.23962348153657 36.21747682090295)","0.0","USA.5.27_1","USA.5.27_1","Monterey","Monterey","GADM2","3.6","US","2025-02-09 08:00","37286.857142857145","37422.0","135.14285714285506","0.3624312778959008","0.085762805904547","2025-02-09"
